%Constanza Vicencio
function precios=precios(A,C)
% 8*G+1*S+4*B+3*P+0*F=11620
% 1*G+7*S+6*B+2*P+0*F=10760
% 2*G*8*S+0*B+1*P+4*F=9570
% 1*G+5*S+1*B+3*P+0*F=6380
% 4*G+1*S+6*B+3*P+9*F=23160
 A=[8,1,4,3,0;1,7,6,2,0;2,8,0,1,4;1,5,1,3,0;4,1,6,3,9]
 C=[11620;10760;9570;6380;23160]
 precios=A\C
end 